888888b.   d8b 888    888    888          888      
888  "88b  Y8P 888    888    888          888      
888  .88P      888    888    888          888      
8888888K.  888 888888 8888888888 888  888 88888b.  
888  "Y88b 888 888    888    888 888  888 888 "88b 
888    888 888 888    888    888 888  888 888  888 
888   d88P 888 Y88b.  888    888 Y88b 888 888 d88P 
8888888P"  888  "Y888 888    888  "Y88888 88888P"  
                                                   
                                                   
